"Linha" "Coluna" "Cota" "AGrossa" "Silte" "Argila" "pHAgua" "pHKCl" "Ca" "Mg" "K" "Al" "H" "C" "N" "CTC" "S" "V" "M" "NC" "CEC" "CN"
"1" 0 0 578.295 9 26 43 5.8 4.9 3.6 0.8 0.5 0 3.1 1.2 0.12 8 4.9 61.25 0 1.05 4.9 10
"2" 0 5 578.46 9 26 42 5.9 4.9 3.4 0.8 0.44 0 3.2 1.1 0.12 7.84 4.64 59.184 0 1.272 4.64 9
"3" 0 10 578.491 9 25 41 5.9 4.9 3.7 0.9 0.59 0 2.5 1.2 0.13 7.69 5.19 67.49 0 0.289 5.19 9
"4" 0 15 578.699 11 28 40 5.8 4.9 3.7 0.8 0.52 0 3.5 1.3 0.12 8.52 5.02 58.92 0 1.416 5.02 10
"5" 0 20 578.749 9 27 41 5.8 5 4.2 0.9 0.56 0 3.4 1.4 0.13 9.06 5.66 62.472 0 1.023 5.66 10
"6" 0 25 578.726 8 27 43 6.1 5.1 4.1 0.9 0.56 0 3.1 1.2 0.13 8.66 5.56 64.203 0 0.753 5.56 9
"7" 0 30 578.785 8 28 43 6.1 5 3.9 0.9 0.6 0 3.3 1.3 0.12 8.7 5.4 62.069 0 1.035 5.4 10
"8" 0 35 578.831 8 24 46 5.9 4.9 3.8 0.9 0.55 0 2.6 1.2 0.12 7.85 5.25 66.879 0 0.367 5.25 10
"9" 0 40 578.918 8 25 45 5.9 5 3.9 0.9 0.53 0 2.9 1.3 0.12 8.23 5.33 64.763 0 0.646 5.33 10
"10" 0 45 579.065 9 25 43 5.9 5 4.2 0.9 0.51 0 3.2 1.4 0.12 8.81 5.61 63.678 0 0.836 5.61 11
"11" 0 50 579.066 8 27 43 6.1 5 4.2 0.8 0.52 0 2.9 1.3 0.12 8.42 5.52 65.558 0 0.561 5.52 10
"12" 0 55 579.14 8 24 46 6.1 5 4.1 0.9 0.56 0 3 1.3 0.12 8.56 5.56 64.953 0 0.648 5.56 10
"13" 0 60 579.13 8 24 46 6 5.1 3.9 0.9 0.57 0 2.5 1.2 0.12 7.87 5.37 68.234 0 0.209 5.37 10
"14" 0 65 579.21 8 25 45 5.9 5 3.8 0.9 0.52 0 3 1.1 0.12 8.22 5.22 63.504 0 0.801 5.22 9
"15" 0 70 579.23 9 26 43 5.9 4.9 3.5 0.9 0.42 0 3.6 1.1 0.12 8.42 4.82 57.245 0 1.611 4.82 9
"16" 0 75 579.272 8 25 45 5.7 4.9 3.5 0.8 0.48 0 3.7 1.2 0.12 8.48 4.78 56.368 0 1.734 4.78 10
"17" 0 80 579.298 9 24 44 5.8 4.9 3.4 0.8 0.48 0 3.7 1 0.12 8.38 4.68 55.847 0 1.779 4.68 8
"18" 0 85 579.341 8 25 44 5.7 4.9 3.6 0.9 0.5 0 3.7 1.2 0.12 8.7 5 57.471 0 1.635 5 10
"19" 0 90 579.41 9 24 44 5.9 5 3.3 0.8 0.49 0 3.7 1.2 0.12 8.29 4.59 55.368 0 1.819 4.59 10
"20" 0 95 579.465 8 26 44 5.8 4.8 3.3 0.9 0.65 0 3.8 1.2 0.12 8.65 4.85 56.069 0 1.807 4.85 10
"21" 0 100 579.545 10 24 45 5.7 4.7 2.9 0.8 0.42 0 3.9 1 0.12 8.02 4.12 51.372 0 2.241 4.12 8
"22" 0 105 579.595 8 26 44 5.7 4.8 2.9 0.9 0.51 0 3.8 1.1 0.12 8.11 4.31 53.144 0 2.051 4.31 91
"23" 0 110 579.636 10 23 46 5.7 4.8 3.4 0.9 0.58 0.1 3.5 1.2 0.12 8.48 4.88 57.547 2.01 1.584 4.98 10
"24" 0 115 579.709 9 22 44 5.8 4.9 3.3 0.9 0.47 0 3.4 1.1 0.12 8.07 4.67 57.869 0 1.469 4.67 9
"25" 0 120 579.765 9 25 43 5.7 4.8 3.3 0.9 0.46 0 3.6 1.1 0.12 8.26 4.66 56.416 0 1.683 4.66 9
"26" 5 0 578.61 10 23 44 5.7 4.8 3.3 0.8 0.42 0 3.5 1.1 0.13 8.02 4.52 56.359 0 1.641 4.52 8
"27" 5 5 578.669 9 27 42 5.9 4.8 3.3 0.8 0.62 0 3.6 1.1 0.13 8.32 4.72 56.731 0 1.656 4.72 8
"28" 5 10 578.77 11 27 41 5.8 4.9 3.3 0.9 0.58 0 3.4 1.2 0.13 8.18 4.78 58.435 0 1.419 4.78 9
"29" 5 15 578.91 9 25 43 5.8 4.9 3.3 0.8 0.58 0 3.1 1.1 0.12 7.78 4.68 60.154 0 1.149 4.68 9
"30" 5 20 579.02 8 26 43 5.9 5 3.6 0.8 0.47 0 3 1.1 0.13 7.87 4.87 61.881 0 0.958 4.87 8
"31" 5 25 579.05 8 25 44 5.9 5 3.8 0.9 0.56 0 3.2 1.2 0.12 8.46 5.26 62.175 0 0.993 5.26 10
"32" 5 30 579.105 8 26 42 6 5 3.9 1 0.58 0 3.5 1.2 0.12 8.98 5.48 61.024 0 1.209 5.48 10
"33" 5 35 579.125 8 24 46 5.7 4.9 3.7 0.9 0.54 0 3.1 1.2 0.13 8.24 5.14 62.379 0 0.942 5.14 9
"34" 5 40 579.209 8 25 43 5.9 4.9 3.8 0.8 0.55 0 3.3 1.1 0.12 8.45 5.15 60.947 0 1.147 5.15 9
"35" 5 45 579.333 8 26 43 6 5 3.9 0.8 0.51 0 3.5 1.1 0.12 8.71 5.21 59.816 0 1.331 5.21 9
"36" 5 50 579.385 8 26 44 6.1 5.1 3.8 0.8 0.56 0 3.2 1 0.12 8.36 5.16 61.722 0 1.038 5.16 8
"37" 5 55 579.409 8 26 44 6.1 5.1 4.2 0.9 0.6 0 2.7 1.1 0.11 8.4 5.7 67.857 0 0.27 5.7 10
"38" 5 60 579.483 7 24 46 6.2 5.2 4.3 0.9 0.55 0 3.3 1.1 0.13 9.05 5.75 63.536 0 0.878 5.75 8
"39" 5 65 579.497 6 27 45 6.1 5.2 4.3 0.9 0.47 0 3.6 1 0.13 9.27 5.67 61.165 0 1.228 5.67 7
"40" 5 70 579.529 8 26 45 6.1 5.1 3.9 0.9 0.49 0 2.9 1.1 0.13 8.19 5.29 64.591 0 0.665 5.29 8
"41" 5 75 579.518 7 24 49 6 5 3.4 0.8 0.44 0 3.1 0.9 0.11 7.74 4.64 59.948 0 1.167 4.64 8
"42" 5 80 579.525 8 25 46 5.9 4.9 3.3 0.8 0.4 0 3.5 1 0.11 8 4.5 56.25 0 1.65 4.5 9
"43" 5 85 579.617 8 24 47 5.9 4.9 3.1 0.8 0.45 0 3.7 1 0.12 8.05 4.35 54.037 0 1.927 4.35 8
"44" 5 90 579.672 6 28 45 5.8 4.8 3.2 0.9 0.45 0 3.5 1 0.11 8.05 4.55 56.522 0 1.628 4.55 9
"45" 5 95 579.735 8 24 46 5.7 4.7 3 0.8 0.39 0 3.9 1.1 0.11 8.09 4.19 51.792 0 2.21 4.19 10
"46" 5 100 579.775 8 25 45 5.7 4.7 3.1 0.8 0.39 0 3.4 1.2 0.11 7.69 4.29 55.787 0 1.639 4.29 10
"47" 5 105 579.839 9 24 44 5.6 4.8 3 0.8 0.43 0 3.1 1.1 0.12 7.33 4.23 57.708 0 1.352 4.23 9
"48" 5 110 579.85 9 25 43 5.7 4.9 3.3 0.9 0.48 0 3.5 1.2 0.12 8.18 4.68 57.213 0 1.569 4.68 10
"49" 5 115 579.89 9 25 43 5.7 4.9 3.5 1 0.51 0 3.5 1.3 0.11 8.51 5.01 58.872 0 1.42 5.01 11
"50" 5 120 579.91 9 25 44 5.7 4.9 3.3 1 0.45 0 3.4 1.2 0.13 8.15 4.75 58.282 0 1.433 4.75 9
"51" 10 0 578.929 9 25 43 5.7 4.9 2.8 0.7 0.34 0 2.5 1 0.11 6.34 3.84 60.568 0 0.897 3.84 9
"52" 10 5 578.965 7 25 46 5.7 4.9 3.1 0.8 0.35 0 2 1.1 0.11 6.25 4.25 68 0 0.187 4.25 10
"53" 10 10 579.08 8 25 43 5.7 4.9 3.1 0.8 0.4 0 2.6 1.1 0.11 6.9 4.3 62.319 0 0.795 4.3 10
"54" 10 15 579.204 7 26 45 5.8 4.9 3.2 0.8 0.41 0 1.3 1.1 0.11 5.71 4.41 77.233 0 -0.62 4.41 10
"55" 10 20 579.238 8 27 44 5.9 5 3.4 0.8 0.38 0 2.6 1 0.11 7.18 4.58 63.788 0 0.669 4.58 9
"56" 10 25 579.281 8 26 46 5.9 5.1 3.7 0.9 0.48 0 2.6 1.1 0.11 7.68 5.08 66.146 0 0.444 5.08 10
"57" 10 30 579.279 9 25 44 6 5 3.7 0.9 0.54 0 2.4 1.2 0.11 7.54 5.14 68.17 0 0.207 5.14 10
"58" 10 35 579.334 9 24 46 5.8 5 3.7 1 0.53 0 1.9 1.2 0.11 7.13 5.23 73.352 0 -0.358 5.23 10
"59" 10 40 579.46 8 25 46 5.7 4.9 3.4 0.9 0.47 0 2.2 1.1 0.11 6.97 4.77 68.436 0 0.163 4.77 10
"60" 10 45 579.64 8 25 46 5.9 5 3.6 0.9 0.74 0 1.9 1.2 0.11 7.14 5.24 73.389 0 -0.363 5.24 10
"61" 10 50 579.635 8 27 44 5.9 5.1 3.6 0.9 0.56 0 2.2 1.2 0.11 7.26 5.06 69.697 0 0.033 5.06 10
"62" 10 55 579.701 9 26 44 6 5.1 3.8 0.9 0.54 0 2.3 1.2 0.11 7.54 5.24 69.496 0 0.057 5.24 10
"63" 10 60 579.704 9 23 46 6.4 5.4 3.8 1 1.05 0 2.4 1.1 0.11 8.25 5.85 70.909 0 -0.112 5.85 10
"64" 10 65 579.724 9 24 45 5.9 5.1 4 0.9 0.51 0 3 1.1 0.11 8.41 5.41 64.328 0 0.716 5.41 10
"65" 10 70 579.751 8 25 46 6.1 5.1 3.8 0.8 0.38 0 2.6 1.2 0.11 7.58 4.98 65.699 0 0.489 4.98 10
"66" 10 75 579.792 8 26 45 6.2 5.1 4.1 0.9 0.38 0 3.3 1.1 0.11 8.68 5.38 61.982 0 1.044 5.38 10
"67" 10 80 579.749 8 24 47 5.9 5 3.4 0.9 0.4 0 3.4 1.1 0.11 8.1 4.7 58.025 0 1.455 4.7 10
"68" 10 85 579.812 8 24 46 5.9 5 3.2 0.8 0.47 0 3 1.1 0.11 7.47 4.47 59.839 0 1.138 4.47 10
"69" 10 90 579.865 7 24 48 5.9 4.9 2.8 0.8 0.42 0 1.9 1.1 0.12 5.92 4.02 67.905 0 0.186 4.02 9
"70" 10 95 579.898 9 25 45 5.8 4.8 2.9 0.8 0.39 0 3.5 1.1 0.11 7.59 4.09 53.887 0 1.834 4.09 10
"71" 10 100 579.931 8 25 46 5.8 4.9 2.8 0.8 0.37 0 3.2 1.1 0.11 7.17 3.97 55.37 0 1.574 3.97 10
"72" 10 105 580.008 8 26 44 5.9 4.9 3.1 0.9 0.34 0 3.8 1.1 0.11 8.14 4.34 53.317 0 2.037 4.34 10
"73" 10 110 580.017 9 24 44 5.9 4.9 3.1 0.9 0.39 0 3.2 1.1 0.11 7.59 4.39 57.839 0 1.385 4.39 10
"74" 10 115 580.03 9 25 44 5.9 4.9 3.1 0.9 0.43 0 2.6 1.1 0.12 7.03 4.43 63.016 0 0.736 4.43 9
"75" 10 120 579.995 10 23 46 5.8 4.9 3 0.9 0.44 0 3.2 1.1 0.11 7.54 4.34 57.56 0 1.407 4.34 10
"76" 15 0 579.211 8 26 44 5.7 4.9 3 0.8 0.3 0 3 1 0.11 7.1 4.1 57.746 0 1.305 4.1 9
"77" 15 5 579.281 8 27 43 5.9 5 3.1 0.8 0.38 0 2.9 1.1 0.11 7.18 4.28 59.61 0 1.119 4.28 10
"78" 15 10 579.315 9 27 42 5.9 5.1 3.3 0.8 0.5 0 2.5 1.2 0.12 7.1 4.6 64.789 0 0.555 4.6 10
"79" 15 15 579.399 9 26 43 6 5.1 3.4 0.8 0.47 0 3.1 1.1 0.11 7.77 4.67 60.103 0 1.153 4.67 10
"80" 15 20 579.491 8 25 46 6 5.2 3.3 0.8 0.47 0 3.1 1 0.11 7.67 4.57 59.583 0 1.199 4.57 9
"81" 15 25 579.546 8 25 47 6.2 5.3 3.7 0.9 0.48 0 2.4 1.1 0.11 7.48 5.08 67.914 0 0.234 5.08 10
"82" 15 30 579.55 9 24 45 6.2 5.3 4 0.9 0.5 0 3 1.1 0.12 8.4 5.4 64.286 0 0.72 5.4 9
"83" 15 35 579.603 9 25 43 5.7 5.2 3.8 0.9 0.58 0 3 1.2 0.12 8.28 5.28 63.768 0 0.774 5.28 10
"84" 15 40 579.743 8 24 48 6.1 5.1 3.5 0.9 0.47 0 3.1 1.1 0.11 7.97 4.87 61.104 0 1.064 4.87 10
"85" 15 45 579.775 8 25 46 6.1 5.1 3.6 0.9 0.56 0 3.5 1.2 0.12 8.56 5.06 59.112 0 1.398 5.06 10
"86" 15 50 579.815 8 25 47 5.9 5 3.5 0.9 0.5 0 3.5 1.1 0.11 8.4 4.9 58.333 0 1.47 4.9 10
"87" 15 55 579.826 9 25 44 6 5.1 3.5 0.9 0.51 0 2.8 1.1 0.11 7.71 4.91 63.684 0 0.73 4.91 10
"88" 15 60 579.912 9 25 44 6.1 5.2 3.6 0.9 0.54 0 3.1 1.1 0.12 8.14 5.04 61.916 0 0.987 5.04 9
"89" 15 65 579.88 8 26 47 6.1 5.1 3.7 0.8 0.56 0 2.7 1.2 0.12 7.76 5.06 65.206 0 0.558 5.06 10
"90" 15 70 579.94 9 25 43 6.1 5.3 3.7 0.9 0.52 0 3.4 1 0.12 8.52 5.12 60.094 0 1.266 5.12 8
"91" 15 75 579.87 8 26 46 6 5.1 3.7 0.8 0.42 0 3.4 1.1 0.12 8.32 4.92 59.135 0 1.356 4.92 9
"92" 15 80 579.875 8 27 42 5.9 5 3.7 0.8 0.44 0 3 1.2 0.12 7.94 4.94 62.217 0 0.927 4.94 10
"93" 15 85 579.947 8 26 43 5.8 5 3.6 0.8 0.6 0 2.9 1.2 0.12 7.9 5 63.291 0 0.795 5 10
"94" 15 90 580.007 8 27 42 5.9 4.9 3.6 0.9 0.53 0 3.3 1.3 0.11 8.33 5.03 60.384 0 1.201 5.03 11
"95" 15 95 580.04 9 25 43 5.9 4.9 3.1 0.8 0.46 0 2.8 1 0.12 7.16 4.36 60.894 0 0.978 4.36 8
"96" 15 100 580.053 10 25 42 5.9 4.8 3.3 0.9 0.53 0 3 1.2 0.12 7.73 4.73 61.19 0 1.021 4.73 10
"97" 15 105 580.059 10 24 43 5.8 4.9 2.8 0.8 0.45 0 2.9 1.2 0.12 6.95 4.05 58.273 0 1.222 4.05 10
"98" 15 110 580.056 9 26 42 5.8 4.8 3 0.8 0.45 0 2.9 1.2 0.12 7.15 4.25 59.441 0 1.133 4.25 10
"99" 15 115 580.05 10 24 44 5.9 5 3.1 0.8 0.46 0 2.8 1.2 0.13 7.16 4.36 60.894 0 0.978 4.36 9
"100" 15 120 580.096 9 25 43 5.9 5 3.2 0.9 0.47 0 2.6 1.2 0.12 7.17 4.57 63.738 0 0.673 4.57 10
"101" 20 0 579.495 9 25 42 5.9 5 3.1 0.7 0.39 0 2.4 1.1 0.12 6.59 4.19 63.581 0 0.635 4.19 9
"102" 20 5 579.545 9 25 43 5.8 4.9 3.3 0.8 0.43 0 2.5 1.2 0.12 7.03 4.53 64.438 0 0.587 4.53 10
"103" 20 10 579.511 8 27 43 5.9 5 3.2 0.7 0.38 0 2.4 1.1 0.12 6.68 4.28 64.072 0 0.594 4.28 9
"104" 20 15 579.616 9 28 40 5.9 5 3.2 0.8 0.61 0 2.5 1.1 0.12 7.11 4.61 64.838 0 0.55 4.61 9
"105" 20 20 579.709 10 28 39 5.9 5 3.3 0.8 0.62 0 2.5 1.3 0.12 7.22 4.72 65.374 0 0.501 4.72 10
"106" 20 25 579.775 9 28 39 6 5.2 3.5 0.8 0.41 0 2.3 1.2 0.12 7.01 4.71 67.19 0 0.296 4.71 10
"107" 20 30 579.837 8 30 40 6.2 5.4 4.3 0.8 0.62 0 2.2 1 0.13 7.92 5.72 72.222 0 -0.264 5.72 7
"108" 20 35 579.857 8 26 43 6.1 5.3 4.3 0.9 0.59 0 2.3 1.2 0.13 8.09 5.79 71.57 0 -0.19 5.79 9
"109" 20 40 579.954 9 25 44 6.1 5.2 4 0.9 0.53 0 2.4 1.2 0.12 7.83 5.43 69.349 0 0.076 5.43 10
"110" 20 45 580.025 9 28 41 5.9 5 3.6 0.8 0.59 0 2.6 0.8 0.12 7.59 4.99 65.744 0 0.485 4.99 6
"111" 20 50 580.048 9 26 42 5.9 5 3.7 0.8 0.55 0 2.6 1.3 0.13 7.65 5.05 66.013 0 0.458 5.05 10
"112" 20 55 580.061 8 26 43 5.9 5 3.4 0.8 0.49 0 2.5 1.2 0.12 7.19 4.69 65.229 0 0.515 4.69 10
"113" 20 60 580.062 10 25 42 6 5 3.4 0.9 0.54 0 2.6 1 0.12 7.44 4.84 65.054 0 0.552 4.84 8
"114" 20 65 580.093 10 24 41 6.1 5.1 3.8 0.9 0.6 0 2.4 1.2 0.12 7.7 5.3 68.831 0 0.135 5.3 10
"115" 20 70 580.105 9 26 40 6.2 5.1 3.7 0.9 0.67 0 2 1.3 0.13 7.27 5.27 72.49 0 -0.271 5.27 10
"116" 20 75 580.114 9 26 40 6.1 5 3.8 0.9 0.65 0 2.2 1.4 0.13 7.55 5.35 70.861 0 -0.097 5.35 10
"117" 20 80 580.111 9 28 39 6 5.1 4 0.8 0.61 0 2.3 1.4 0.13 7.71 5.41 70.169 0 -0.02 5.41 10
"118" 20 85 580.155 9 29 38 5.9 5 4 0.8 0.64 0 2.4 1.2 0.13 7.84 5.44 69.388 0 0.072 5.44 9
"119" 20 90 580.177 9 29 37 6.1 5 3.7 0.8 0.61 0 2.4 1.3 0.13 7.51 5.11 68.043 0 0.22 5.11 10
"120" 20 95 580.2 9 30 37 6 5 3.5 0.9 0.63 0 2.4 1.3 0.13 7.43 5.03 67.699 0 0.256 5.03 10
"121" 20 100 580.2 9 27 40 5.9 4.8 3 0.8 0.52 0 2.6 1.4 0.13 6.92 4.32 62.428 0 0.786 4.32 10
"122" 20 105 580.18 9 27 39 5.9 4.8 3.1 0.9 0.49 0 2.6 1.4 0.13 7.09 4.49 63.329 0 0.709 4.49 10
"123" 20 110 580.219 9 22 45 5.7 4.8 3.4 0.9 0.55 0 2.6 1.3 0.12 7.45 4.85 65.101 0 0.548 4.85 10
"124" 20 115 580.23 10 26 39 5.8 4.9 3.6 0.9 0.63 0 2.4 1.5 0.13 7.53 5.13 68.127 0 0.211 5.13 11
"125" 20 120 580.23 10 27 40 5.6 5 3.7 0.8 0.59 0 2.4 1.3 0.13 7.49 5.09 67.957 0 0.23 5.09 10
"126" 25 0 579.733 8 27 42 5.8 5.1 3 0.7 0.44 0 1.9 1.1 0.12 6.04 4.14 68.543 0 0.132 4.14 9
"127" 25 5 579.788 8 27 44 5.8 5 2.9 0.7 0.43 0 2 1.1 0.12 6.03 4.03 66.833 0 0.287 4.03 9
"128" 25 10 579.75 8 26 45 5.7 5.1 2.7 0.7 0.38 0 2.1 1 0.11 5.88 3.78 64.286 0 0.504 3.78 9
"129" 25 15 579.89 8 27 44 5.7 5 2.8 0.8 0.48 0 2.1 1.2 0.12 6.18 4.08 66.019 0 0.369 4.08 10
"130" 25 20 579.954 9 26 43 5.6 4.8 2.7 0.7 0.41 0 2.4 1.2 0.12 6.21 3.81 61.353 0 0.806 3.81 10
"131" 25 25 579.98 9 27 42 5.7 5 3 0.8 0.33 0 2.1 1.2 0.12 6.23 4.13 66.292 0 0.347 4.13 10
"132" 25 30 580.018 9 27 41 6 5 3.4 0.9 0.56 0 2 1.2 0.12 6.86 4.86 70.845 0 -0.087 4.86 10
"133" 25 35 580.041 8 27 43 5.8 4.9 3.3 0.8 0.47 0 2.3 1.3 0.13 6.87 4.57 66.521 0 0.359 4.57 10
"134" 25 40 580.053 9 27 42 5.6 4.8 3.2 0.8 0.51 0 2.5 1.3 0.13 7.01 4.51 64.337 0 0.595 4.51 10
"135" 25 45 580.098 9 27 42 5.6 4.9 3.4 0.9 0.46 0 2.3 1.2 0.13 7.06 4.76 67.422 0 0.273 4.76 9
"136" 25 50 580.123 8 28 42 5.6 4.9 3.1 0.8 0.44 0.1 2.2 1.3 0.11 6.64 4.34 65.361 2.25 0.462 4.44 11
"137" 25 55 580.152 9 28 41 5.7 4.8 3.1 0.8 0.43 0 2.4 1.3 0.13 6.73 4.33 64.339 0 0.572 4.33 10
"138" 25 60 580.148 9 30 39 5.6 4.7 2.9 0.7 0.42 0.1 2.8 1.4 0.13 6.92 4.02 58.092 2.42 1.236 4.12 10
"139" 25 65 580.187 10 25 42 5.7 4.9 3.6 0.8 0.49 0 2.2 1.2 0.13 7.09 4.89 68.97 0 0.109 4.89 9
"140" 25 70 580.2 9 30 38 5.7 4.9 3.3 0.7 0.55 0.1 2.3 1.4 0.13 6.95 4.55 65.468 2.15 0.472 4.65 10
"141" 25 75 580.172 10 28 39 5.8 5 3.3 0.7 0.58 0.1 2.2 1.3 0.13 6.88 4.58 66.57 2.13 0.354 4.68 10
"142" 25 80 580.189 10 25 42 5.8 5.1 3.3 0.7 0.55 0.1 2.1 1.2 0.13 6.75 4.55 67.407 2.15 0.263 4.65 9
"143" 25 85 580.168 9 29 38 5.8 5 3.6 0.8 0.56 0 2.2 1.3 0.13 7.16 4.96 69.274 0 0.078 4.96 10
"144" 25 90 580.22 9 28 38 5.8 5 3.7 0.8 0.64 0 2.2 1.3 0.13 7.34 5.14 70.027 0 -0.003 5.14 10
"145" 25 95 580.2 10 26 40 5.8 5 3.5 0.7 0.59 0 2.1 1.2 0.13 6.89 4.79 69.521 0 0.05 4.79 9
"146" 25 100 580.205 10 26 40 5.8 4.9 3.2 0.7 0.53 0 2.2 1.3 0.12 6.63 4.43 66.817 0 0.316 4.43 10
"147" 25 105 580.188 9 26 42 5.7 5 3.2 0.8 0.53 0 2.2 1.2 0.13 6.73 4.53 67.311 0 0.271 4.53 9
"148" 25 110 580.199 9 26 41 5.6 4.9 3.1 0.8 0.53 0 2.2 1.2 0.13 6.63 4.43 66.817 0 0.316 4.43 9
"149" 25 115 580.218 10 27 38 5.7 4.9 3 0.8 0.6 0 2.3 1.3 0.14 6.7 4.4 65.672 0 0.435 4.4 9
"150" 25 120 580.22 11 28 37 5.6 4.8 3 0.7 0.53 0 2.5 1.3 0.14 6.73 4.23 62.853 0 0.721 4.23 9
"151" 30 0 579.939 7 25 49 5.6 5 2.7 0.7 0.38 0 1.5 0.9 0.11 5.28 3.78 71.591 0 -0.126 3.78 8
"152" 30 5 579.969 8 24 48 5.5 4.8 2.5 0.7 0.26 0.1 1.6 1 0.11 5.16 3.46 67.054 2.81 0.228 3.56 9
"153" 30 10 579.986 8 25 47 5.4 4.8 2.7 0.7 0.16 0.1 1.8 1 0.11 5.46 3.56 65.201 2.73 0.393 3.66 9
"154" 30 15 580.07 8 24 48 5.4 4.7 2.4 0.6 0.18 0.1 2 1.1 0.11 5.28 3.18 60.227 3.05 0.774 3.28 10
"155" 30 20 580.16 9 23 46 5.4 4.7 2.6 0.7 0.2 0.1 2.3 1.2 0.12 5.9 3.5 59.322 2.78 0.945 3.6 10
"156" 30 25 580.21 9 24 45 5.5 4.8 2.7 0.7 0.19 0.1 2.2 1.2 0.12 5.89 3.59 60.951 2.71 0.799 3.69 10
"157" 30 30 580.213 8 25 46 5.6 4.9 3 0.8 0.35 0 2.1 1.2 0.12 6.25 4.15 66.4 0 0.338 4.15 10
"158" 30 35 580.198 8 27 44 5.5 4.8 3.1 0.7 0.32 0 2.4 1.1 0.13 6.52 4.12 63.19 0 0.666 4.12 8
"159" 30 40 580.188 8 25 45 5.7 4.8 3 0.8 0.4 0 2.3 1.3 0.13 6.5 4.2 64.615 0 0.525 4.2 10
"160" 30 45 580.172 9 28 40 5.5 4.7 2.8 0.6 0.34 0.1 2.6 1.3 0.13 6.44 3.74 58.075 2.6 1.152 3.84 10
"161" 30 50 580.147 9 26 43 5.4 4.7 2.9 0.7 0.39 0.1 2.6 1.2 0.12 6.69 3.99 59.641 2.45 1.039 4.09 10
"162" 30 55 580.165 9 27 41 5.4 4.7 2.9 0.6 0.31 0.1 2.6 1.3 0.13 6.51 3.81 58.525 2.56 1.12 3.91 10
"163" 30 60 580.177 9 28 39 5.5 4.7 2.8 0.7 0.37 0.1 2.6 1.2 0.12 6.57 3.87 58.904 2.52 1.094 3.97 10
"164" 30 65 580.218 10 26 41 5.6 4.8 3 0.7 0.43 0 2.4 1.1 0.12 6.53 4.13 63.247 0 0.661 4.13 9
"165" 30 70 580.199 10 25 42 5.8 4.9 3.4 0.7 0.5 0 2.3 1.2 0.12 6.9 4.6 66.667 0 0.345 4.6 10
"166" 30 75 580.196 9 30 38 5.8 5 3.1 0.7 0.52 0 2.2 1.1 0.14 6.52 4.32 66.258 0 0.366 4.32 7
"167" 30 80 580.196 10 27 40 5.7 5 3 0.7 0.59 0 2.1 1.3 0.13 6.39 4.29 67.136 0 0.275 4.29 10
"168" 30 85 580.165 8 30 40 5.9 5.1 3.4 0.8 0.75 0 2 1.2 0.14 6.95 4.95 71.223 0 -0.127 4.95 8
"169" 30 90 580.149 9 30 38 5.7 5 3.4 0.7 0.51 0 2 1.2 0.13 6.61 4.61 69.743 0 0.025 4.61 9
"170" 30 95 580.184 9 28 39 6 5.2 3.5 0.9 1 0 2 1.3 0.13 7.4 5.4 72.973 0 -0.33 5.4 10
"171" 30 100 580.17 9 27 41 5.9 5.1 3.4 0.8 0.57 0 2 1.3 0.11 6.77 4.77 70.458 0 -0.047 4.77 11
"172" 30 105 580.159 9 27 40 5.7 5 3.1 0.7 0.5 0 2.2 1.1 0.12 6.5 4.3 66.154 0 0.375 4.3 9
"173" 30 110 580.119 9 28 41 5.6 4.9 3.2 0.7 0.46 0 2.1 1.2 0.12 6.46 4.36 67.492 0 0.243 4.36 10
"174" 30 115 580.115 9 29 39 5.6 4.8 2.9 0.7 0.49 0 2.4 1.2 0.11 6.49 4.09 63.02 0 0.68 4.09 10
"175" 30 120 580.151 9 29 37 5.6 4.8 3 0.7 0.52 0 3.4 1.2 0.1 7.62 4.22 55.381 0 1.671 4.22 12
"176" 35 0 580.077 8 27 45 5.5 4.8 2.4 0.7 0.24 0.1 2.9 1 0.1 6.34 3.34 52.681 2.91 1.647 3.44 10
"177" 35 5 580.11 8 25 47 5.4 4.7 2.4 0.6 0.2 0.1 3 1 0.1 6.3 3.2 50.794 3.03 1.815 3.3 10
"178" 35 10 580.095 8 26 47 5.4 4.7 2.3 0.6 0.27 0.1 3 1.1 0.1 6.27 3.17 50.558 3.06 1.828 3.27 11
"179" 35 15 580.188 8 24 49 5.4 4.8 2.3 0.6 0.25 0.1 2.9 1 0.1 6.15 3.15 51.22 3.08 1.733 3.25 10
"180" 35 20 580.289 9 25 46 5.5 4.7 2.5 0.7 0.24 0.1 3.1 1.1 0.11 6.64 3.44 51.807 2.83 1.812 3.54 10
"181" 35 25 580.26 8 27 43 5.5 4.8 3 0.7 0.18 0 3.2 1.2 0.11 7.08 3.88 54.802 0 1.614 3.88 10
"182" 35 30 580.222 9 27 41 5.7 4.9 3.3 0.8 0.31 0 3 1.1 0.12 7.41 4.41 59.514 0 1.165 4.41 9
"183" 35 35 580.184 9 27 42 5.5 4.7 3 0.8 0.32 0 3.5 1.1 0.12 7.62 4.12 54.068 0 1.821 4.12 9
"184" 35 40 580.166 9 29 41 5.4 4.5 2.6 0.7 0.31 0.1 3.7 1.1 0.12 7.41 3.61 48.718 2.7 2.366 3.71 9
"185" 35 45 580.14 8 28 43 5.2 4.5 2.5 0.6 0.24 0.1 3.7 0.8 0.12 7.14 3.34 46.779 2.91 2.487 3.44 6
"186" 35 50 580.14 8 27 44 5.3 4.6 2.7 0.7 0.28 0.1 3.4 1 0.11 7.18 3.68 51.253 2.65 2.019 3.78 9
"187" 35 55 580.155 9 28 42 5.4 4.7 2.8 0.6 0.24 0.1 3.2 1.1 0.12 6.94 3.64 52.45 2.67 1.827 3.74 9
"188" 35 60 580.18 9 28 42 5.4 4.7 2.8 0.6 0.27 0.1 3.2 1 0.11 6.97 3.67 52.654 2.65 1.814 3.77 9
"189" 35 65 580.246 9 25 44 5.5 4.8 2.9 0.7 0.41 0 3.3 1.1 0.12 7.31 4.01 54.856 0 1.66 4.01 9
"190" 35 70 580.212 9 27 42 5.6 4.8 2.9 0.7 0.46 0 3.4 1.1 0.12 7.46 4.06 54.424 0 1.743 4.06 9
"191" 35 75 580.197 9 27 42 5.5 4.8 3 0.7 0.45 0 3.4 1.1 0.12 7.55 4.15 54.967 0 1.702 4.15 9
"192" 35 80 580.172 9 27 41 5.6 4.8 3.1 0.7 0.52 0 3.4 1.2 0.13 7.72 4.32 55.959 0 1.626 4.32 9
"193" 35 85 580.131 9 27 41 5.5 4.7 2.9 0.8 0.55 0 3.3 1.2 0.12 7.55 4.25 56.291 0 1.552 4.25 10
"194" 35 90 580.112 9 28 40 5.6 4.8 3.1 0.7 0.52 0 3.3 1.2 0.11 7.62 4.32 56.693 0 1.521 4.32 10
"195" 35 95 580.113 9 26 42 5.8 4.8 3.3 0.7 0.54 0 3.2 1.2 0.12 7.74 4.54 58.656 0 1.317 4.54 10
"196" 35 100 580.118 9 27 41 5.6 4.9 3.2 0.7 0.47 0 3.2 1.1 0.11 7.57 4.37 57.728 0 1.394 4.37 10
"197" 35 105 580.129 9 27 40 5.7 4.9 3.2 0.7 0.48 0 3.1 1.2 0.12 7.48 4.38 58.556 0 1.284 4.38 10
"198" 35 110 580.118 9 27 41 5.7 4.8 3 0.7 0.43 0 3.3 1.1 0.11 7.43 4.13 55.585 0 1.606 4.13 10
"199" 35 115 580.113 10 27 40 5.7 4.9 3.2 0.7 0.49 0 3.3 1.1 0.12 7.69 4.39 57.087 0 1.489 4.39 9
"200" 35 120 580.076 10 28 38 5.5 4.7 2.9 0.7 0.45 0 3.5 1.2 0.12 7.55 4.05 53.642 0 1.852 4.05 10
"201" 40 0 580.096 8 24 48 5.3 4.6 2.2 0.7 0.18 0.1 3.3 1 0.11 6.48 3.08 47.531 3.15 2.184 3.18 9
"202" 40 5 580.15 8 24 49 5.4 4.6 2.2 0.7 0.2 0.1 3.1 1 0.11 6.3 3.1 49.206 3.13 1.965 3.2 9
"203" 40 10 580.19 8 22 51 5.4 4.8 2.4 0.7 0.28 0.1 3 0.9 0.11 6.48 3.38 52.16 2.87 1.734 3.48 8
"204" 40 15 580.295 7 25 49 5.8 5 2.7 0.8 0.32 0.1 2.6 1 0.1 6.52 3.82 58.589 2.55 1.116 3.92 10
"205" 40 20 580.315 8 24 49 5.9 5.1 2.9 0.9 0.4 0 2.5 1 0.1 6.7 4.2 62.687 0 0.735 4.2 10
"206" 40 25 580.305 8 25 47 5.8 5.1 3.1 0.9 0.22 0 2.7 1 0.11 6.92 4.22 60.983 0 0.936 4.22 9
"207" 40 30 580.231 9 27 43 5.9 5.2 3.1 0.9 0.48 0 2.7 1.2 0.13 7.18 4.48 62.396 0 0.819 4.48 9
"208" 40 35 580.25 9 28 41 5.7 4.9 3.4 0.8 0.41 0 3.3 1.2 0.13 7.91 4.61 58.281 0 1.39 4.61 9
"209" 40 40 580.202 9 28 41 5.7 4.8 2.8 0.8 0.51 0 3.3 1.2 0.13 7.41 4.11 55.466 0 1.616 4.11 9
"210" 40 45 580.171 8 27 44 5.4 4.5 2.5 0.6 0.35 0.1 3.5 1.1 0.11 7.05 3.45 48.936 2.82 2.228 3.55 10
"211" 40 50 580.178 8 27 43 5.5 4.7 2.8 0.7 0.38 0.1 3.5 1.3 0.13 7.48 3.88 51.872 2.51 2.034 3.98 10
"212" 40 55 580.205 9 27 42 5.4 4.6 2.8 0.7 0.32 0.1 3.6 1.2 0.13 7.52 3.82 50.798 2.55 2.166 3.92 9
"213" 40 60 580.226 9 28 40 5.4 4.6 2.7 0.7 0.42 0.1 3.6 1.1 0.13 7.52 3.82 50.798 2.55 2.166 3.92 8
"214" 40 65 580.228 9 30 37 5.4 4.7 2.7 0.6 0.49 0.1 3.6 1.3 0.13 7.49 3.79 50.601 2.57 2.18 3.89 10
"215" 40 70 580.17 9 27 42 5.5 4.6 2.7 0.6 0.45 0.1 3.7 1.2 0.13 7.55 3.75 49.669 2.6 2.303 3.85 9
"216" 40 75 580.18 9 27 41 5.6 4.6 2.7 0.6 0.53 0.1 3.7 1.3 0.13 7.63 3.83 50.197 2.55 2.267 3.93 10
"217" 40 80 580.175 9 27 41 5.6 4.7 3.1 0.7 0.53 0 3.7 1.4 0.13 8.03 4.33 53.923 0 1.937 4.33 10
"218" 40 85 580.158 9 28 39 5.6 4.7 3.2 0.7 0.53 0 3.8 1.4 0.13 8.23 4.43 53.827 0 1.996 4.43 10
"219" 40 90 580.128 10 28 38 5.6 4.8 3.1 0.7 0.43 0 3.6 1.4 0.11 7.83 4.23 54.023 0 1.877 4.23 12
"220" 40 95 580.328 10 27 39 5.6 4.7 3 0.7 0.43 0 3.8 1.4 0.13 7.93 4.13 52.081 0 2.131 4.13 10
"221" 40 100 580.125 10 27 39 5.5 4.7 3 0.6 0.48 0 3.7 1.4 0.11 7.78 4.08 52.442 0 2.049 4.08 12
"222" 40 105 580.15 10 28 36 5.6 4.8 3.1 0.7 0.58 0 3.6 1.4 0.13 7.98 4.38 54.887 0 1.809 4.38 10
"223" 40 110 580.158 10 28 36 5.6 4.8 3.4 0.7 0.52 0 3.4 1.3 0.13 8.02 4.62 57.606 0 1.491 4.62 10
"224" 40 115 580.169 10 28 36 5.6 4.8 3.2 0.7 0.52 0 3.4 1.4 0.13 7.82 4.42 56.522 0 1.581 4.42 10
"225" 40 120 580.098 10 26 37 5.6 4.8 3.2 0.6 0.45 0 3.4 1.3 0.16 7.65 4.25 55.556 0 1.658 4.25 8
"226" 45 0 580.102 7 24 49 5.5 4.8 2.5 0.7 0.28 0 3 1.1 0.11 6.48 3.48 53.704 0 1.584 3.48 10
"227" 45 5 580.16 7 23 50 5.7 5 2.7 0.9 0.59 0 2.8 1.2 0.12 6.99 4.19 59.943 0 1.054 4.19 10
"228" 45 10 580.249 7 23 51 5.8 5.1 2.8 0.8 0.52 0 2.4 1 0.12 6.52 4.12 63.19 0 0.666 4.12 8
"229" 45 15 580.318 7 25 49 5.8 4.9 2.7 0.8 0.52 0 2.8 1.1 0.11 6.82 4.02 58.944 0 1.131 4.02 10
"230" 45 20 580.35 8 24 47 5.7 4.9 3.1 0.8 0.37 0 2.7 1.2 0.16 6.97 4.27 61.263 0 0.913 4.27 7
"231" 45 25 580.34 9 26 44 5.7 4.9 2.9 0.8 0.26 0 3 1.1 0.13 6.96 3.96 56.897 0 1.368 3.96 8
"232" 45 30 580.31 8 27 43 5.7 4.9 3.2 0.8 0.35 0 3 1.3 0.16 7.35 4.35 59.184 0 1.193 4.35 8
"233" 45 35 580.279 10 27 39 5.7 4.9 3.6 0.8 0.52 0 3.1 1.3 0.16 8.02 4.92 61.347 0 1.041 4.92 8
"234" 45 40 580.218 10 26 40 5.4 4.7 3 0.7 0.46 0.1 3.5 1.4 0.14 7.76 4.16 53.608 2.35 1.908 4.26 10
"235" 45 45 580.061 9 27 42 5.5 4.5 2.8 0.6 0.41 0.1 3.9 1.3 0.15 7.81 3.81 48.784 2.56 2.486 3.91 8
"236" 45 50 580.231 9 28 40 5.4 4.6 3 0.6 0.34 0.1 3.9 1.3 0.14 7.94 3.94 49.622 2.48 2.427 4.04 9
"237" 45 55 580.231 10 27 39 5.4 4.6 2.7 0.6 0.4 0.1 3.9 1.3 0.14 7.7 3.7 48.052 2.63 2.535 3.8 9
"238" 45 60 580.23 10 27 39 5.4 4.5 2.7 0.7 0.39 0.1 4 1.4 0.14 7.89 3.79 48.035 2.57 2.6 3.89 10
"239" 45 65 580.205 10 28 38 5.4 4.5 2.7 0.7 0.43 0.1 3.8 1.3 0.14 7.73 3.83 49.547 2.55 2.371 3.93 9
"240" 45 70 580.169 10 26 41 5.5 4.5 2.7 0.6 0.45 0.1 3.9 1.2 0.15 7.75 3.75 48.387 2.6 2.512 3.85 8
"241" 45 75 580.165 10 27 39 5.4 4.6 2.7 0.6 0.43 0.1 3.9 1.3 0.15 7.73 3.73 48.254 2.61 2.521 3.83 8
"242" 45 80 580.176 10 28 37 5.4 4.6 2.8 0.6 0.44 0.1 3.9 1.3 0.14 7.84 3.84 48.98 2.54 2.472 3.94 9
"243" 45 85 580.191 10 28 37 5.4 4.6 2.9 0.6 0.48 0.1 3.9 1.4 0.16 7.98 3.98 49.875 2.45 2.409 4.08 8
"244" 45 90 580.165 10 27 37 5.5 4.7 3 0.7 0.55 0.1 3.8 1.5 0.14 8.15 4.25 52.147 2.3 2.182 4.35 10
"245" 45 95 580.138 10 28 37 5.6 4.7 3.1 0.7 0.54 0.1 3.8 1.4 0.15 8.24 4.34 52.67 2.25 2.142 4.44 9
"246" 45 100 580.129 11 27 35 5.8 4.8 3.2 0.7 0.6 0 3.9 1.3 0.15 8.4 4.5 53.571 0 2.07 4.5 8
"247" 45 105 580.131 11 28 36 5.8 4.9 3.4 0.7 0.52 0 3.6 1.4 0.14 8.22 4.62 56.204 0 1.701 4.62 10
"248" 45 110 580.12 11 26 38 5.9 5.1 3.8 0.7 0.58 0 3.1 1.2 0.15 8.18 5.08 62.103 0 0.969 5.08 8
"249" 45 115 580.098 10 26 38 5.8 5 3.5 0.7 0.59 0 4.1 1.3 0.13 8.89 4.79 53.881 0 2.15 4.79 10
"250" 45 120 580.036 10 27 37 5.7 5 3.2 0.6 0.54 0 3.5 1.4 0.14 7.84 4.34 55.357 0 1.722 4.34 10
